00000000000000000000000000000000000000000000
00000000000000000000000000000000000000000000
00000000000000000000000004000000000000000000
00000005000000000000000000000000000000000000
00000004000000000000000003330000000000000000
00000000000000000000000000000000000000000000
00000000005000000000000000000000000000000000
00050003330040000000000000000000000000000000
00333000000000000000004000000000000333050000
000000X0050000005000000000000000000000000000
1111111011111111000000000500000000X011111111
22222222222222222222111111101111111122222222
22222222222222222222222222222222222222222222
22222222222222222222222222222222222222222222